0.52
0.53
0.53
0.51
0.5
0.45
0.55
0.49
0.6
0.52
0.59
0.54
0.44
0.51
0.45
0.49
0.59
0.56
0.59
0.57
0.61
0.45
0.49
0.52
0.58
0.53
0.51
0.48
0.44
0.53
0.58
0.51
0.45
0.55
0.61
0.45
0.59
0.52
0.55
0.57
0.49
0.58
0.54
0.6
0.58
0.49
0.59
0.54
0.53
0.54
0.61
0.59
0.55
0.58
0.59
0.49
0.56
0.51
0.54
0.57
0.58
0.46
0.62
0.68
0.46
0.63
0.5
0.58
0.55
0.59
0.53
0.56
0.45
0.49
0.53
0.57
0.57
0.56
0.63
0.57
0.55
0.57
0.64
0.57
0.57
0.62
0.53
0.54
0.48
0.53
0.53
0.61
0.62
0.53
0.55
0.56
0.62
0.59
0.59
0.55
0.62
0.52
0.58
0.53
0.6
0.53
0.47
0.53
0.46
0.5
0.53
0.55
0.58
0.58
0.61
0.6
0.61
0.63
0.63
0.66
0.64
0.49
0.55
0.57
0.47
0.52
0.45
0.49
0.46
0.5
0.48
0.59
0.58
0.6
0.57
0.55
0.58
0.6
0.55
0.54
0.52
0.51
0.58
0.53
0.54
0.54
0.56
0.63
0.58
0.62
0.59
0.53
0.52
0.51
0.53
0.58
0.55
0.59
0.6
0.6
0.5
